46592
64187
1222
9601
64657
38284
30275
29632
46108
52692
46150
21926
48119
29979
14568
40324
54116
40356
17281
62681
50299
10305
40155
34163
50628
1446
2345
45700
9495
13662
30740
4582
28795
22901
34064
7429
38313
64867
7847
49315
25667
5339
41215
59494
41657
25742
31346
57819
28585
26410
42842
24562
579
17699
16369
36514
24979
53595
46860
62558
19748
26806
46682
26276
5934
35477
9094
36477
29192
1232
25701
64344
23992
25370
32490
36063
14307
49166
63104
45304
1514
10696
917
6330
3939
5378
56894
51192
50161
11423
45477
52471
17379
32874
32320
13259
7221
18687
48186
32864
21962
18577
12532
56864
43634
9362
53636
25129
59742
54254
7134
63488
34244
37902
24540
32348
15991
30025
35921
1116
25022
59721
14728
11761
38556
19464
36284
23039
20907
56910
57299
60545
18546
22373
34053
62724
49290
5981
19877
35821
32904
9133
57222
37412
17772
49687
20690
50276
55534
35023
20393
14477
31035
44095
24744
44450
537
51671
42057
35105
55326
18619
26512
50260
45312
1311
820
25651
1525
32217
9423
48366
59276
19788
12940
47418
33448
50172
41626
35708
30115
62311
42982
40455
63553
4135
48162
46617
17020
33446
18256
7530
53774
16919
54875
15914
34576
44727
6059
34665
47425
20961
48497
10889
41917
64925
46346
28520
59599
17730
4192
817
42101
18033
62699
61151
1918
2331
49933
23839
55325
13981
914
13714
23650
42938
1736
60283
6382
61275
15570
59985
48968
63737
22582
26933
34030
30102
9732
25022
39867
54607
35049
5299
28389
7793
14859
15018
47787
2392
23099
25915
16741
23316
43924
33260
19433
50037
42539
6177
59061
18053
56563
6624
54771
63877
8781
45573
2512
8354
4185
50142
18377
20700
32790
5785
11695
29082
48694
54363
26058
26356
3337
59312
10657
59746
4872
19600
12236
62853
64663
62111
4711
12041
20715
52930
44011
12536
13491
4399
63815
48119
13479
42139
46800
60517
52594
35233
13153
36709
2333
55595
5983
33419
29480
10115
3300
65196
50996
14965
6413
16258
33263
64864
58630
10025
31692
61618
23898
2823
127
64904
45258
36578
12347
15259
27163
24477
38842
24179
52215
20771
48480
53362
47014
12022
17254
3450
53468
52413
17507
17817
42754
12374
49135
18681
59567
10663
33679
62178
54690
14809
43050
55561
42934
13341
57588
45051
47462
45535
52585
17507
4472
64394
53177
58516
19668
55803
37752
52513
53934
23508
10311
28704
55497
45354
308
63341
6070
6102
9912
2395
38422
28478
50647
55887
42925
29729
1587
55278
63189
10145
43585
33075
5513
20813
39715
13527
58444
62972
50374
13002
59857
40310
57705
45173
9160
13149
19782
34926
41148
38060
12035
46942
25016
38619
7842
57122
14831
45174
40643
29026
6124
53477
51669
53716
57359
22188
20996
49232
41178
9391
40498
6799
57315
20547
23438
38511
20261
49008
12708
28318
49101
53461
33037
14025
19949
4448
49897
42991
51636
24582
33729
21408
25489
14506
18193
54316
49857
17924
19546
27070
28141
41675
4835
36949
56715
13508
10536
10612
37952
25854
55245
28115
11382
51141
18686
14454
47165
28855
7055
64592
64387
7279
49288
6639
42237
46433
26825
31184
33227
13667
45795
37998
55251
29885
13841
6347
19530
4929
43446
32660
33836
35753
59466
16983
40162
28104
50228
32158
41224
13628
25681
14479
47507
49238
10141
50997
25531
55901
23358
975
53598
60697
1862
55839
35055
54358
56268
41842
44382
4751
44346
36275
12841
42256
47799
4395
56819
20248
10219
51771
60229
3046
4872
50210
29979
5815
42131
58010
41121
35395
30377
1901
43090
28492
2367
23006
60407
24451
26313
42393
58773
57319
5272
45222
8994
49087
21199
8521
94
